epoch:0 0.2382  0.4395  0.2373  0.1308  0.2796  0.2973  0.2252  0.3702  0.3936  0.2114  0.4362  0.4985  0.7479  0.010000
epoch:1 0.2621  0.4600  0.2689  0.1512  0.3046  0.3296  0.2423  0.4006  0.4244  0.2456  0.4619  0.5326  0.6427  0.010000
epoch:2 0.2650  0.4630  0.2710  0.1475  0.3080  0.3298  0.2420  0.3983  0.4231  0.2424  0.4651  0.5355  0.6178  0.010000
epoch:3 0.2762  0.4741  0.2860  0.1538  0.3118  0.3544  0.2537  0.4164  0.4435  0.2662  0.4781  0.5608  0.6039  0.010000
epoch:4 0.2844  0.4841  0.2999  0.1626  0.3259  0.3490  0.2587  0.4236  0.4479  0.2617  0.4876  0.5566  0.5954  0.010000
epoch:5 0.2799  0.4798  0.2914  0.1619  0.3232  0.3517  0.2545  0.4118  0.4370  0.2540  0.4743  0.5463  0.5877  0.010000
epoch:6 0.2820  0.4802  0.2928  0.1667  0.3200  0.3469  0.2564  0.4205  0.4461  0.2642  0.4864  0.5548  0.5817  0.010000
epoch:7 0.2894  0.4926  0.3018  0.1680  0.3267  0.3564  0.2610  0.4326  0.4572  0.2793  0.4973  0.5563  0.5780  0.010000
epoch:8 0.3538  0.5651  0.3764  0.2088  0.3983  0.4411  0.2960  0.4796  0.5077  0.3215  0.5550  0.6270  0.5021  0.001000
epoch:9 0.3588  0.5704  0.3833  0.2180  0.4015  0.4563  0.3011  0.4814  0.5098  0.3278  0.5523  0.6382  0.4801  0.001000
epoch:10 0.3596  0.5719  0.3855  0.2184  0.4032  0.4515  0.3010  0.4832  0.5115  0.3257  0.5539  0.6379  0.4688  0.001000
epoch:11 0.3638  0.5754  0.3881  0.2194  0.4065  0.4630  0.3036  0.4841  0.5117  0.3271  0.5534  0.6404  0.4537  0.000100
